-- code 0 1 (1)
01                                       .
-- id 1 5
4344 3030 31                             CD001
-- version 6 1 (1)
01                                       .
-- unused1 7 1
00                                       .
-- system_id 8 32
2020 2020 2020 2020 2020 2020 2020 2020                  
2020 2020 2020 2020 2020 2020 2020 2020                  
-- volume_id 40 32
5562 756e 7475 2032 342e 3034 204c 5453  Ubuntu 24.04 LTS
2061 6d64 3634 2020 2020 2020 2020 2020   amd64          
-- unused2 72 8
0000 0000 0000 0000                      ........
-- volume_space_size 80 8 (2985672)
c88e 2d00 002d 8ec8                      ..-..-..
-- unused3 88 32
0000 0000 0000 0000 0000 0000 0000 0000  ................
0000 0000 0000 0000 0000 0000 0000 0000  ................
-- volume_set_size 120 4 (1)
0100 0001                                ....
-- volume_sequence_number 124 4 (1)
0100 0001                                ....
-- logical_block_size 128 4 (2048)
0008 0800                                ....
-- path_table_size 132 8 (3072)
000c 0000 0000 0c00                      ........
-- type_l_path_table 140 4 (274)
1201 0000                                ....
-- opt_type_l_path_table 144 4 (0)
0000 0000                                ....
-- type_m_path_table 148 4 (276)
0000 0114                                ....
-- opt_type_m_path_table 152 4 (0)
0000 0000                                ....
-- root_directory_record 156 34
  -- length 0 1 (34)
  22                                       "
  -- ext_attr_length 1 1 (0)
  00                                       .
  -- extent 2 8 (35)
  2300 0000 0000 0023                      #......#
  -- size 10 8 (2048)
  0008 0000 0000 0800                      ........
  -- date 18 7 (2024-04-24 11:28:51 GMT+00)
  7c04 180b 1c33 00                        |....3.
  -- flags 25 1 (2)
  02                                       .
  -- file_unit_size 26 1 (0)
  00                                       .
  -- interleave 27 1 (0)
  00                                       .
  -- volume_sequence_number 28 4 (1)
  0100 0001                                ....
  -- name_len 32 1 (1)
  01                                       .
  -- name 33 1
  00                                       .
-- volume_set_id 190 128
2020 2020 2020 2020 2020 2020 2020 2020                  
2020 2020 2020 2020 2020 2020 2020 2020                  
2020 2020 2020 2020 2020 2020 2020 2020                  
2020 2020 2020 2020 2020 2020 2020 2020                  
2020 2020 2020 2020 2020 2020 2020 2020                  
2020 2020 2020 2020 2020 2020 2020 2020                  
2020 2020 2020 2020 2020 2020 2020 2020                  
2020 2020 2020 2020 2020 2020 2020 2020                  
-- publisher_id 318 128
2020 2020 2020 2020 2020 2020 2020 2020                  
2020 2020 2020 2020 2020 2020 2020 2020                  
2020 2020 2020 2020 2020 2020 2020 2020                  
2020 2020 2020 2020 2020 2020 2020 2020                  
2020 2020 2020 2020 2020 2020 2020 2020                  
2020 2020 2020 2020 2020 2020 2020 2020                  
2020 2020 2020 2020 2020 2020 2020 2020                  
2020 2020 2020 2020 2020 2020 2020 2020                  
-- preparer_id 446 128
584f 5252 4953 4f2d 312e 352e 3420 3230  XORRISO-1.5.4 20
3231 2e30 312e 3330 2e31 3530 3030 312c  21.01.30.150001,
204c 4942 4953 4f42 5552 4e2d 312e 352e   LIBISOBURN-1.5.
342c 204c 4942 4953 4f46 532d 312e 352e  4, LIBISOFS-1.5.
342c 204c 4942 4255 524e 2d31 2e35 2e34  4, LIBBURN-1.5.4
2020 2020 2020 2020 2020 2020 2020 2020                  
2020 2020 2020 2020 2020 2020 2020 2020                  
2020 2020 2020 2020 2020 2020 2020 2020                  
-- application_id 574 128
2020 2020 2020 2020 2020 2020 2020 2020                  
2020 2020 2020 2020 2020 2020 2020 2020                  
2020 2020 2020 2020 2020 2020 2020 2020                  
2020 2020 2020 2020 2020 2020 2020 2020                  
2020 2020 2020 2020 2020 2020 2020 2020                  
2020 2020 2020 2020 2020 2020 2020 2020                  
2020 2020 2020 2020 2020 2020 2020 2020                  
2020 2020 2020 2020 2020 2020 2020 2020                  
-- copyright_file_id 702 37
2020 2020 2020 2020 2020 2020 2020 2020                  
2020 2020 2020 2020 2020 2020 2020 2020                  
2020 2020 20                                  
-- abstract_file_id 739 37
2020 2020 2020 2020 2020 2020 2020 2020                  
2020 2020 2020 2020 2020 2020 2020 2020                  
2020 2020 20                                  
-- bibliographic_file_id 776 37
2020 2020 2020 2020 2020 2020 2020 2020                  
2020 2020 2020 2020 2020 2020 2020 2020                  
2020 2020 20                                  
-- creation_date 813 17
3230 3234 3034 3234 3131 3239 3039 3030  2024042411290900
00                                       .
-- modification_date 830 17
3230 3234 3034 3234 3131 3239 3039 3030  2024042411290900
00                                       .
-- expiration_date 847 17
3030 3030 3030 3030 3030 3030 3030 3030  0000000000000000
00                                       .
-- effective_date 864 17
3030 3030 3030 3030 3030 3030 3030 3030  0000000000000000
00                                       .
-- file_structure_version 881 1 (1)
01                                       .
-- unused4 882 1
00                                       .
-- application_data 883 512
2020 2020 2020 2020 2020 2020 2020 2020                  
2020 2020 2020 2020 2020 2020 2020 2020                  
2020 2020 2020 2020 2020 2020 2020 2020                  
2020 2020 2020 2020 2020 2020 2020 2020                  
2020 2020 2020 2020 2020 2020 2020 2020                  
2020 2020 2020 2020 2020 2020 2020 2020                  
2020 2020 2020 2020 2020 2020 2020 2020                  
2020 2020 2020 2020 2020 2020 2020 2020                  
2020 2020 2020 2020 2020 2020 2020 2020                  
2020 2020 2020 2020 2020 2020 2020 2020                  
2020 2020 2020 2020 2020 2020 2020 2020                  
2020 2020 2020 2020 2020 2020 2020 2020                  
2020 2020 2020 2020 2020 2020 2020 2020                  
2020 2020 2020 2020 2020 2020 2020 2020                  
2020 2020 2020 2020 2020 2020 2020 2020                  
2020 2020 2020 2020 2020 2020 2020 2020                  
2020 2020 2020 2020 2020 2020 2020 2020                  
2020 2020 2020 2020 2020 2020 2020 2020                  
2020 2020 2020 2020 2020 2020 2020 2020                  
2020 2020 2020 2020 2020 2020 2020 2020                  
2020 2020 2020 2020 2020 2020 2020 2020                  
2020 2020 2020 2020 2020 2020 2020 2020                  
2020 2020 2020 2020 2020 2020 2020 2020                  
2020 2020 2020 2020 2020 2020 2020 2020                  
2020 2020 2020 2020 2020 2020 2020 2020                  
2020 2020 2020 2020 2020 2020 2020 2020                  
2020 2020 2020 2020 2020 2020 2020 2020                  
2020 2020 2020 2020 2020 2020 2020 2020                  
2020 2020 2020 2020 2020 2020 2020 2020                  
2020 2020 2020 2020 2020 2020 2020 2020                  
2020 2020 2020 2020 2020 2020 2020 2020                  
2020 2020 2020 2020 2020 2020 2020 2020                  
-- unused5 1395 653
0000 0000 0000 0000 0000 0000 0000 0000  ................
0000 0000 0000 0000 0000 0000 0000 0000  ................
0000 0000 0000 0000 0000 0000 0000 0000  ................
0000 0000 0000 0000 0000 0000 0000 0000  ................
0000 0000 0000 0000 0000 0000 0000 0000  ................
0000 0000 0000 0000 0000 0000 0000 0000  ................
0000 0000 0000 0000 0000 0000 0000 0000  ................
0000 0000 0000 0000 0000 0000 0000 0000  ................
0000 0000 0000 0000 0000 0000 0000 0000  ................
0000 0000 0000 0000 0000 0000 0000 0000  ................
0000 0000 0000 0000 0000 0000 0000 0000  ................
0000 0000 0000 0000 0000 0000 0000 0000  ................
0000 0000 0000 0000 0000 0000 0000 0000  ................
0000 0000 0000 0000 0000 0000 0000 0000  ................
0000 0000 0000 0000 0000 0000 0000 0000  ................
0000 0000 0000 0000 0000 0000 0000 0000  ................
0000 0000 0000 0000 0000 0000 0000 0000  ................
0000 0000 0000 0000 0000 0000 0000 0000  ................
0000 0000 0000 0000 0000 0000 0000 0000  ................
0000 0000 0000 0000 0000 0000 0000 0000  ................
0000 0000 0000 0000 0000 0000 0000 0000  ................
0000 0000 0000 0000 0000 0000 0000 0000  ................
0000 0000 0000 0000 0000 0000 0000 0000  ................
0000 0000 0000 0000 0000 0000 0000 0000  ................
0000 0000 0000 0000 0000 0000 0000 0000  ................
0000 0000 0000 0000 0000 0000 0000 0000  ................
0000 0000 0000 0000 0000 0000 0000 0000  ................
0000 0000 0000 0000 0000 0000 0000 0000  ................
0000 0000 0000 0000 0000 0000 0000 0000  ................
0000 0000 0000 0000 0000 0000 0000 0000  ................
0000 0000 0000 0000 0000 0000 0000 0000  ................
0000 0000 0000 0000 0000 0000 0000 0000  ................
0000 0000 0000 0000 0000 0000 0000 0000  ................
0000 0000 0000 0000 0000 0000 0000 0000  ................
0000 0000 0000 0000 0000 0000 0000 0000  ................
0000 0000 0000 0000 0000 0000 0000 0000  ................
0000 0000 0000 0000 0000 0000 0000 0000  ................
0000 0000 0000 0000 0000 0000 0000 0000  ................
0000 0000 0000 0000 0000 0000 0000 0000  ................
0000 0000 0000 0000 0000 0000 0000 0000  ................
0000 0000 0000 0000 0000 0000 00         .............
