-- code 0 1 (1)
01                                       .
-- id 1 5
4344 3030 31                             CD001
-- version 6 1 (1)
01                                       .
-- unused1 7 1
00                                       .
-- system_id 8 32
2020 2020 2020 2020 2020 2020 2020 2020                  
2020 2020 2020 2020 2020 2020 2020 2020                  
-- volume_id 40 32
4b4e 4f50 5049 585f 3920 2020 2020 2020  KNOPPIX_9       
2020 2020 2020 2020 2020 2020 2020 2020                  
-- unused2 72 8
0000 0000 0000 0000                      ........
-- volume_space_size 80 8 (2292360)
88fa 2200 0022 fa88                      ..".."..
-- unused3 88 32
0000 0000 0000 0000 0000 0000 0000 0000  ................
0000 0000 0000 0000 0000 0000 0000 0000  ................
-- volume_set_size 120 4 (1)
0100 0001                                ....
-- volume_sequence_number 124 4 (1)
0100 0001                                ....
-- logical_block_size 128 4 (2048)
0008 0800                                ....
-- path_table_size 132 8 (94)
5e00 0000 0000 005e                      ^......^
-- type_l_path_table 140 4 (45)
2d00 0000                                -...
-- opt_type_l_path_table 144 4 (0)
0000 0000                                ....
-- type_m_path_table 148 4 (46)
0000 002e                                ....
-- opt_type_m_path_table 152 4 (0)
0000 0000                                ....
-- root_directory_record 156 34
  -- length 0 1 (34)
  22                                       "
  -- ext_attr_length 1 1 (0)
  00                                       .
  -- extent 2 8 (35)
  2300 0000 0000 0023                      #......#
  -- size 10 8 (2048)
  0008 0000 0000 0800                      ........
  -- date 18 7 (2021-02-15 21:53:26 GMT+00)
  7902 0f15 351a 00                        y...5..
  -- flags 25 1 (2)
  02                                       .
  -- file_unit_size 26 1 (0)
  00                                       .
  -- interleave 27 1 (0)
  00                                       .
  -- volume_sequence_number 28 4 (1)
  0100 0001                                ....
  -- name_len 32 1 (1)
  01                                       .
  -- name 33 1
  00                                       .
-- volume_set_id 190 128
2020 2020 2020 2020 2020 2020 2020 2020                  
2020 2020 2020 2020 2020 2020 2020 2020                  
2020 2020 2020 2020 2020 2020 2020 2020                  
2020 2020 2020 2020 2020 2020 2020 2020                  
2020 2020 2020 2020 2020 2020 2020 2020                  
2020 2020 2020 2020 2020 2020 2020 2020                  
2020 2020 2020 2020 2020 2020 2020 2020                  
2020 2020 2020 2020 2020 2020 2020 2020                  
-- publisher_id 318 128
2020 2020 2020 2020 2020 2020 2020 2020                  
2020 2020 2020 2020 2020 2020 2020 2020                  
2020 2020 2020 2020 2020 2020 2020 2020                  
2020 2020 2020 2020 2020 2020 2020 2020                  
2020 2020 2020 2020 2020 2020 2020 2020                  
2020 2020 2020 2020 2020 2020 2020 2020                  
2020 2020 2020 2020 2020 2020 2020 2020                  
2020 2020 2020 2020 2020 2020 2020 2020                  
-- preparer_id 446 128
584f 5252 4953 4f2d 312e 342e 3720 3230  XORRISO-1.4.7 20
3137 2e30 382e 3134 2e31 3630 3233 312c  17.08.14.160231,
204c 4942 4953 4f42 5552 4e2d 312e 342e   LIBISOBURN-1.4.
372c 204c 4942 4953 4f46 532d 312e 342e  7, LIBISOFS-1.4.
372c 204c 4942 4255 524e 2d31 2e34 2e37  7, LIBBURN-1.4.7
2020 2020 2020 2020 2020 2020 2020 2020                  
2020 2020 2020 2020 2020 2020 2020 2020                  
2020 2020 2020 2020 2020 2020 2020 2020                  
-- application_id 574 128
4b4e 4f50 5049 5820 5639 2020 2020 2020  KNOPPIX V9      
2020 2020 2020 2020 2020 2020 2020 2020                  
2020 2020 2020 2020 2020 2020 2020 2020                  
2020 2020 2020 2020 2020 2020 2020 2020                  
2020 2020 2020 2020 2020 2020 2020 2020                  
2020 2020 2020 2020 2020 2020 2020 2020                  
2020 2020 2020 2020 2020 2020 2020 2020                  
2020 2020 2020 2020 2020 2020 2020 2020                  
-- copyright_file_id 702 37
2020 2020 2020 2020 2020 2020 2020 2020                  
2020 2020 2020 2020 2020 2020 2020 2020                  
2020 2020 20                                  
-- abstract_file_id 739 37
2020 2020 2020 2020 2020 2020 2020 2020                  
2020 2020 2020 2020 2020 2020 2020 2020                  
2020 2020 20                                  
-- bibliographic_file_id 776 37
2020 2020 2020 2020 2020 2020 2020 2020                  
2020 2020 2020 2020 2020 2020 2020 2020                  
2020 2020 20                                  
-- creation_date 813 17
3230 3231 3032 3139 3034 3130 3037 3030  2021021904100700
00                                       .
-- modification_date 830 17
3230 3231 3032 3139 3034 3130 3037 3030  2021021904100700
00                                       .
-- expiration_date 847 17
3030 3030 3030 3030 3030 3030 3030 3030  0000000000000000
00                                       .
-- effective_date 864 17
3030 3030 3030 3030 3030 3030 3030 3030  0000000000000000
00                                       .
-- file_structure_version 881 1 (1)
01                                       .
-- unused4 882 1
00                                       .
-- application_data 883 512
2020 2020 2020 2020 2020 2020 2020 2020                  
2020 2020 2020 2020 2020 2020 2020 2020                  
2020 2020 2020 2020 2020 2020 2020 2020                  
2020 2020 2020 2020 2020 2020 2020 2020                  
2020 2020 2020 2020 2020 2020 2020 2020                  
2020 2020 2020 2020 2020 2020 2020 2020                  
2020 2020 2020 2020 2020 2020 2020 2020                  
2020 2020 2020 2020 2020 2020 2020 2020                  
2020 2020 2020 2020 2020 2020 2020 2020                  
2020 2020 2020 2020 2020 2020 2020 2020                  
2020 2020 2020 2020 2020 2020 2020 2020                  
2020 2020 2020 2020 2020 2020 2020 2020                  
2020 2020 2020 2020 2020 2020 2020 2020                  
2020 2020 2020 2020 2020 2020 2020 2020                  
2020 2020 2020 2020 2020 2020 2020 2020                  
2020 2020 2020 2020 2020 2020 2020 2020                  
2020 2020 2020 2020 2020 2020 2020 2020                  
2020 2020 2020 2020 2020 2020 2020 2020                  
2020 2020 2020 2020 2020 2020 2020 2020                  
2020 2020 2020 2020 2020 2020 2020 2020                  
2020 2020 2020 2020 2020 2020 2020 2020                  
2020 2020 2020 2020 2020 2020 2020 2020                  
2020 2020 2020 2020 2020 2020 2020 2020                  
2020 2020 2020 2020 2020 2020 2020 2020                  
2020 2020 2020 2020 2020 2020 2020 2020                  
2020 2020 2020 2020 2020 2020 2020 2020                  
2020 2020 2020 2020 2020 2020 2020 2020                  
2020 2020 2020 2020 2020 2020 2020 2020                  
2020 2020 2020 2020 2020 2020 2020 2020                  
2020 2020 2020 2020 2020 2020 2020 2020                  
2020 2020 2020 2020 2020 2020 2020 2020                  
2020 2020 2020 2020 2020 2020 2020 2020                  
-- unused5 1395 653
0000 0000 0000 0000 0000 0000 0000 0000  ................
0000 0000 0000 0000 0000 0000 0000 0000  ................
0000 0000 0000 0000 0000 0000 0000 0000  ................
0000 0000 0000 0000 0000 0000 0000 0000  ................
0000 0000 0000 0000 0000 0000 0000 0000  ................
0000 0000 0000 0000 0000 0000 0000 0000  ................
0000 0000 0000 0000 0000 0000 0000 0000  ................
0000 0000 0000 0000 0000 0000 0000 0000  ................
0000 0000 0000 0000 0000 0000 0000 0000  ................
0000 0000 0000 0000 0000 0000 0000 0000  ................
0000 0000 0000 0000 0000 0000 0000 0000  ................
0000 0000 0000 0000 0000 0000 0000 0000  ................
0000 0000 0000 0000 0000 0000 0000 0000  ................
0000 0000 0000 0000 0000 0000 0000 0000  ................
0000 0000 0000 0000 0000 0000 0000 0000  ................
0000 0000 0000 0000 0000 0000 0000 0000  ................
0000 0000 0000 0000 0000 0000 0000 0000  ................
0000 0000 0000 0000 0000 0000 0000 0000  ................
0000 0000 0000 0000 0000 0000 0000 0000  ................
0000 0000 0000 0000 0000 0000 0000 0000  ................
0000 0000 0000 0000 0000 0000 0000 0000  ................
0000 0000 0000 0000 0000 0000 0000 0000  ................
0000 0000 0000 0000 0000 0000 0000 0000  ................
0000 0000 0000 0000 0000 0000 0000 0000  ................
0000 0000 0000 0000 0000 0000 0000 0000  ................
0000 0000 0000 0000 0000 0000 0000 0000  ................
0000 0000 0000 0000 0000 0000 0000 0000  ................
0000 0000 0000 0000 0000 0000 0000 0000  ................
0000 0000 0000 0000 0000 0000 0000 0000  ................
0000 0000 0000 0000 0000 0000 0000 0000  ................
0000 0000 0000 0000 0000 0000 0000 0000  ................
0000 0000 0000 0000 0000 0000 0000 0000  ................
0000 0000 0000 0000 0000 0000 0000 0000  ................
0000 0000 0000 0000 0000 0000 0000 0000  ................
0000 0000 0000 0000 0000 0000 0000 0000  ................
0000 0000 0000 0000 0000 0000 0000 0000  ................
0000 0000 0000 0000 0000 0000 0000 0000  ................
0000 0000 0000 0000 0000 0000 0000 0000  ................
0000 0000 0000 0000 0000 0000 0000 0000  ................
0000 0000 0000 0000 0000 0000 0000 0000  ................
0000 0000 0000 0000 0000 0000 00         .............
