-- code 0 1 (1)
01                                       .
-- id 1 5
4344 3030 31                             CD001
-- version 6 1 (1)
01                                       .
-- unused1 7 1
00                                       .
-- system_id 8 32
2020 2020 2020 2020 2020 2020 2020 2020                  
2020 2020 2020 2020 2020 2020 2020 2020                  
-- volume_id 40 32
5441 494c 5320 362e 3220 2d20 3230 3234  TAILS 6.2 - 2024
3034 3232 2020 2020 2020 2020 2020 2020  0422            
-- unused2 72 8
0000 0000 0000 0000                      ........
-- volume_space_size 80 8 (708320)
e0ce 0a00 000a cee0                      ........
-- unused3 88 32
0000 0000 0000 0000 0000 0000 0000 0000  ................
0000 0000 0000 0000 0000 0000 0000 0000  ................
-- volume_set_size 120 4 (1)
0100 0001                                ....
-- volume_sequence_number 124 4 (1)
0100 0001                                ....
-- logical_block_size 128 4 (2048)
0008 0800                                ....
-- path_table_size 132 8 (190)
be00 0000 0000 00be                      ........
-- type_l_path_table 140 4 (68)
4400 0000                                D...
-- opt_type_l_path_table 144 4 (0)
0000 0000                                ....
-- type_m_path_table 148 4 (69)
0000 0045                                ...E
-- opt_type_m_path_table 152 4 (0)
0000 0000                                ....
-- root_directory_record 156 34
  -- length 0 1 (34)
  22                                       "
  -- ext_attr_length 1 1 (0)
  00                                       .
  -- extent 2 8 (20)
  1400 0000 0000 0014                      ........
  -- size 10 8 (2048)
  0008 0000 0000 0800                      ........
  -- date 18 7 (2024-04-22 09:40:37 GMT+00)
  7c04 1609 2825 00                        |...(%.
  -- flags 25 1 (2)
  02                                       .
  -- file_unit_size 26 1 (0)
  00                                       .
  -- interleave 27 1 (0)
  00                                       .
  -- volume_sequence_number 28 4 (1)
  0100 0001                                ....
  -- name_len 32 1 (1)
  01                                       .
  -- name 33 1
  00                                       .
-- volume_set_id 190 128
2020 2020 2020 2020 2020 2020 2020 2020                  
2020 2020 2020 2020 2020 2020 2020 2020                  
2020 2020 2020 2020 2020 2020 2020 2020                  
2020 2020 2020 2020 2020 2020 2020 2020                  
2020 2020 2020 2020 2020 2020 2020 2020                  
2020 2020 2020 2020 2020 2020 2020 2020                  
2020 2020 2020 2020 2020 2020 2020 2020                  
2020 2020 2020 2020 2020 2020 2020 2020                  
-- publisher_id 318 128
4854 5450 533a 2f2f 5441 494c 532e 4e45  HTTPS://TAILS.NE
542f 2020 2020 2020 2020 2020 2020 2020  T/              
2020 2020 2020 2020 2020 2020 2020 2020                  
2020 2020 2020 2020 2020 2020 2020 2020                  
2020 2020 2020 2020 2020 2020 2020 2020                  
2020 2020 2020 2020 2020 2020 2020 2020                  
2020 2020 2020 2020 2020 2020 2020 2020                  
2020 2020 2020 2020 2020 2020 2020 2020                  
-- preparer_id 446 128
4c49 5645 2d42 5549 4c44 2032 2e30 2e31  LIVE-BUILD 2.0.1
322d 323b 2048 5454 503a 2f2f 5041 434b  2-2; HTTP://PACK
4147 4553 2e51 412e 4445 4249 414e 2e4f  AGES.QA.DEBIAN.O
5247 2f4c 4956 452d 4255 494c 4420 2020  RG/LIVE-BUILD   
2020 2020 2020 2020 2020 2020 2020 2020                  
2020 2020 2020 2020 2020 2020 2020 2020                  
2020 2020 2020 2020 2020 2020 2020 2020                  
2020 2020 2020 2020 2020 2020 2020 2020                  
-- application_id 574 128
5441 494c 5320 2020 2020 2020 2020 2020  TAILS           
2020 2020 2020 2020 2020 2020 2020 2020                  
2020 2020 2020 2020 2020 2020 2020 2020                  
2020 2020 2020 2020 2020 2020 2020 2020                  
2020 2020 2020 2020 2020 2020 2020 2020                  
2020 2020 2020 2020 2020 2020 2020 2020                  
2020 2020 2020 2020 2020 2020 2020 2020                  
2020 2020 2020 2020 2020 2020 2020 2020                  
-- copyright_file_id 702 37
2020 2020 2020 2020 2020 2020 2020 2020                  
2020 2020 2020 2020 2020 2020 2020 2020                  
2020 2020 20                                  
-- abstract_file_id 739 37
2020 2020 2020 2020 2020 2020 2020 2020                  
2020 2020 2020 2020 2020 2020 2020 2020                  
2020 2020 20                                  
-- bibliographic_file_id 776 37
2020 2020 2020 2020 2020 2020 2020 2020                  
2020 2020 2020 2020 2020 2020 2020 2020                  
2020 2020 20                                  
-- creation_date 813 17
3230 3234 3034 3232 3039 3034 3337 3030  2024042209043700
00                                       .
-- modification_date 830 17
3230 3234 3034 3232 3039 3034 3337 3030  2024042209043700
00                                       .
-- expiration_date 847 17
3030 3030 3030 3030 3030 3030 3030 3030  0000000000000000
00                                       .
-- effective_date 864 17
3030 3030 3030 3030 3030 3030 3030 3030  0000000000000000
00                                       .
-- file_structure_version 881 1 (1)
01                                       .
-- unused4 882 1
00                                       .
-- application_data 883 512
2020 2020 2020 2020 2020 2020 2020 2020                  
2020 2020 2020 2020 2020 2020 2020 2020                  
2020 2020 2020 2020 2020 2020 2020 2020                  
2020 2020 2020 2020 2020 2020 2020 2020                  
2020 2020 2020 2020 2020 2020 2020 2020                  
2020 2020 2020 2020 2020 2020 2020 2020                  
2020 2020 2020 2020 2020 2020 2020 2020                  
2020 2020 2020 2020 2020 2020 2020 2020                  
2020 2020 2020 2020 2020 2020 2020 2020                  
2020 2020 2020 2020 2020 2020 2020 2020                  
2020 2020 2020 2020 2020 2020 2020 2020                  
2020 2020 2020 2020 2020 2020 2020 2020                  
2020 2020 2020 2020 2020 2020 2020 2020                  
2020 2020 2020 2020 2020 2020 2020 2020                  
2020 2020 2020 2020 2020 2020 2020 2020                  
2020 2020 2020 2020 2020 2020 2020 2020                  
2020 2020 2020 2020 2020 2020 2020 2020                  
2020 2020 2020 2020 2020 2020 2020 2020                  
2020 2020 2020 2020 2020 2020 2020 2020                  
2020 2020 2020 2020 2020 2020 2020 2020                  
2020 2020 2020 2020 2020 2020 2020 2020                  
2020 2020 2020 2020 2020 2020 2020 2020                  
2020 2020 2020 2020 2020 2020 2020 2020                  
2020 2020 2020 2020 2020 2020 2020 2020                  
2020 2020 2020 2020 2020 2020 2020 2020                  
2020 2020 2020 2020 2020 2020 2020 2020                  
2020 2020 2020 2020 2020 2020 2020 2020                  
2020 2020 2020 2020 2020 2020 2020 2020                  
2020 2020 2020 2020 2020 2020 2020 2020                  
2020 2020 2020 2020 2020 2020 2020 2020                  
2020 2020 2020 2020 2020 2020 2020 2020                  
2020 2020 2020 2020 2020 2020 2020 2020                  
-- unused5 1395 653
0000 0000 0000 0000 0000 0000 0000 0000  ................
0000 0000 0000 0000 0000 0000 0000 0000  ................
0000 0000 0000 0000 0000 0000 0000 0000  ................
0000 0000 0000 0000 0000 0000 0000 0000  ................
0000 0000 0000 0000 0000 0000 0000 0000  ................
0000 0000 0000 0000 0000 0000 0000 0000  ................
0000 0000 0000 0000 0000 0000 0000 0000  ................
0000 0000 0000 0000 0000 0000 0000 0000  ................
0000 0000 0000 0000 0000 0000 0000 0000  ................
0000 0000 0000 0000 0000 0000 0000 0000  ................
0000 0000 0000 0000 0000 0000 0000 0000  ................
0000 0000 0000 0000 0000 0000 0000 0000  ................
0000 0000 0000 0000 0000 0000 0000 0000  ................
0000 0000 0000 0000 0000 0000 0000 0000  ................
0000 0000 0000 0000 0000 0000 0000 0000  ................
0000 0000 0000 0000 0000 0000 0000 0000  ................
0000 0000 0000 0000 0000 0000 0000 0000  ................
0000 0000 0000 0000 0000 0000 0000 0000  ................
0000 0000 0000 0000 0000 0000 0000 0000  ................
0000 0000 0000 0000 0000 0000 0000 0000  ................
0000 0000 0000 0000 0000 0000 0000 0000  ................
0000 0000 0000 0000 0000 0000 0000 0000  ................
0000 0000 0000 0000 0000 0000 0000 0000  ................
0000 0000 0000 0000 0000 0000 0000 0000  ................
0000 0000 0000 0000 0000 0000 0000 0000  ................
0000 0000 0000 0000 0000 0000 0000 0000  ................
0000 0000 0000 0000 0000 0000 0000 0000  ................
0000 0000 0000 0000 0000 0000 0000 0000  ................
0000 0000 0000 0000 0000 0000 0000 0000  ................
0000 0000 0000 0000 0000 0000 0000 0000  ................
0000 0000 0000 0000 0000 0000 0000 0000  ................
0000 0000 0000 0000 0000 0000 0000 0000  ................
0000 0000 0000 0000 0000 0000 0000 0000  ................
0000 0000 0000 0000 0000 0000 0000 0000  ................
0000 0000 0000 0000 0000 0000 0000 0000  ................
0000 0000 0000 0000 0000 0000 0000 0000  ................
0000 0000 0000 0000 0000 0000 0000 0000  ................
0000 0000 0000 0000 0000 0000 0000 0000  ................
0000 0000 0000 0000 0000 0000 0000 0000  ................
0000 0000 0000 0000 0000 0000 0000 0000  ................
0000 0000 0000 0000 0000 0000 00         .............
